0.436
0.760
0.756
0.808
0.784
0.788
0.784
0.752
0.748
0.744
0.752
0.716
0.740
0.752
0.764
0.812
0.832
0.808
0.824
0.740
0.728
0.728
0.744
0.720
0.764
0.796
0.808
0.788
0.776
0.744
0.748
0.772
0.760
0.620
0.868
0.744
0.780
0.816
0.784
0.816
0.800
0.812
0.748
0.740
0.720
0.732
0.768
0.604
0.444
1.364
0.784
0.796
0.768
0.748
0.616
0.528
1.064
0.756
0.756
0.788
0.772
0.792
0.832
0.800
0.748
0.736
0.712
0.716
0.732
0.724
0.768
0.796
0.820
0.796
0.780
0.744
0.732
0.744
0.504
0.996
0.780
0.776
0.792
0.776
0.808
0.772
0.796
0.632
0.844
0.704
0.728
0.720
0.748
0.784
0.812
0.792
0.544
1.012
0.740
0.736
0.712
0.720
0.436
1.052
0.784
0.792
0.772
0.768
0.800
0.808
0.736
0.720
0.712
0.724
0.736
0.784
0.732
0.816
0.800
0.828
0.776
0.768
0.720
0.716
0.732
0.772
0.756
0.808
0.784
0.800
0.824
0.784
0.760
0.724
0.744
0.716
0.512
0.964
0.768
0.816
0.868
0.816
0.812
0.732
0.540
0.440
1.204
0.740
0.744
0.800
0.780
0.792
0.764
0.748
0.760
0.756
0.716
0.724
0.708
0.708
0.732
0.576
0.984
0.808
0.804
0.808
0.748
0.736
0.704
0.716
0.752
0.792
0.784
0.808
0.776
0.796
0.792
0.760
0.740
0.736
0.744
0.748
0.552
0.968
0.784
0.820
0.872
0.808
0.588
0.924
0.728
0.732
0.728
0.752
0.768
0.812
0.788
0.808
0.780
0.760
0.616
0.876
0.708
0.736
0.720
0.740
0.728
0.800
0.768
0.824
0.796
0.772
0.720
0.720
0.720
0.736
0.764
0.788
0.792
0.804
0.784
0.780
0.768
0.728
0.748
0.740
0.768
0.740
0.780
0.768
0.784
0.820
0.848
0.772
0.764
0.712
0.724
0.736
0.732
0.752
0.776
0.668
0.960
0.804
0.768
0.740
0.724
0.744
0.732
0.748
0.744
0.752
0.756
0.812
0.772
0.784
0.752
0.752
0.720
0.720
0.704
0.716
0.768
0.812
0.804
0.812
0.784
0.712
0.824
0.728
0.708
0.744
0.760
0.784
0.772
0.812
0.788
0.808
0.804
0.780
0.740
0.728
0.700
0.724
0.756
0.776
0.780
0.788
0.832
0.804
0.772
0.716
0.704
0.724
0.760
0.752
0.760
0.772
0.788
0.764
0.736
0.808
0.756
0.712
0.716
0.692
0.588
0.884
0.756
0.528
1.080
0.788
0.804
0.708
0.724
0.536
0.912
0.696
0.740
0.760
0.796
0.792
0.796
0.756
0.764
0.756
0.664
0.812
0.724
0.728
0.768
0.792
0.764
0.796
0.812
0.836
0.732
0.720
0.524
0.448
0.488
0.752
0.768
0.472
1.128
0.788
0.792
0.772
0.772
0.708
0.712
0.708
0.732
0.720
0.780
0.756
0.772
0.844
0.848
0.352
0.396
0.304
0.464
0.708
0.684
0.712
0.732
0.760
0.768
0.804
0.792
0.816
0.388
0.364
0.388
0.324
0.404
0.348
0.732
0.712
0.760
0.476
0.548
1.252
0.828
0.768
0.796
0.788
0.568
0.868
0.704
0.708
0.728
0.764
0.784
0.768
0.808
0.756
0.776
0.744
0.724
0.728
0.712
0.768
0.724
0.780
0.756
0.780
0.792
0.808
0.752
0.748
0.708
0.708
0.696
0.740
0.732
0.792
0.792
0.804
0.800
0.776
0.716
0.724
0.744
0.744
0.760
0.760
0.748
0.772
0.788
0.760
0.804
0.752
0.756
0.708
0.732
0.724
0.660
0.832
0.820
0.808
0.824
0.772
0.764
0.720
0.716
0.704
0.608
0.876
0.772
0.784
0.800
0.800
0.768
0.792
0.760
0.716
0.716
0.708
0.724
0.712
0.724
0.768
0.780
0.804
0.804
0.772
0.728
0.700
0.700
0.724
0.764
0.752
0.792
0.760
0.800
0.792
0.756
0.728
0.712
0.732
0.708
0.732
0.732
0.752
0.812
0.844
0.808
0.776
0.756
0.728
0.736
0.728
0.696
0.736
0.760
0.824
0.668
0.928
0.780
0.760
0.768
0.768
0.720
0.744
0.720
0.760
0.760
0.816
0.792
0.828
0.812
0.784
0.736
0.740
0.728
0.740
0.776
0.804
0.792
0.832
0.784
0.760
0.764
0.740
0.748
0.748
0.788
0.728
0.800
0.768
0.800
0.816
0.844
0.772
0.764
0.732
0.724
0.748
0.752
0.768
0.800
0.828
0.784
0.572
0.948
0.776
0.752
0.776
0.748
0.776
0.764
0.784
0.792
0.828
0.776
0.800
0.760
0.744
0.692
0.696
0.704
0.740
0.804
0.852
0.836
0.856
0.764
0.752
0.740
0.716
0.728
0.760
0.808
0.788
0.820
0.780
0.796
0.816
0.800
0.716
0.728
0.524
0.500
1.124
0.796
0.752
0.808
0.800
0.804
0.756
0.732
0.704
0.720
0.712
0.768
0.756
0.804
0.784
0.800
0.820
0.760
0.748
0.716
0.736
0.708
0.776
0.736
0.764
0.808
0.840
0.812
0.828
0.744
0.732
0.712
0.712
0.720
0.752
0.800
0.800
0.584
1.012
0.748
0.760
0.748
0.720
0.724
0.732
0.704
0.576
0.920
0.752
0.812
0.796
0.808
0.740
0.724
0.704
0.712
0.756
0.776
0.760
0.812
0.764
0.812
0.788
0.760
0.732
0.732
0.752
0.744
0.764
0.756
0.768
0.812
0.868
0.836
0.792
0.728
0.724
0.712
0.752
0.720
0.780
0.788
0.820
0.804
0.812
0.760
0.736
0.748
0.740
0.708
0.776
0.728
0.792
0.816
0.788
0.800
0.792
0.784
0.736
0.744
0.728
0.736
0.760
0.832
0.828
0.840
0.812
0.812
0.752
0.740
0.516
0.944
0.772
0.776
0.776
0.792
0.768
0.808
0.812
0.788
0.728
0.728
0.692
0.708
0.756
0.760
0.764
0.780
0.832
0.816
0.812
0.744
0.720
0.728
0.772
0.764
0.780
0.772
0.784
0.776
0.640
0.928
0.776
0.632
0.844
0.704
0.748
0.720
0.772
0.820
0.848
0.796
0.812
0.740
0.736
0.740
0.732
0.740
0.752
0.800
0.792
0.812
0.816
0.784
0.776
0.768
0.732
0.740
0.728
0.748
0.760
0.812
0.788
0.844
0.828
0.812
0.732
0.732
0.716
0.740
0.780
0.808
0.796
0.832
0.792
0.600
1.016
0.732
0.744
0.720
0.764
0.540
1.000
0.756
0.792
0.812
0.888
0.792
0.772
0.684
0.704
0.716
0.760
0.764
0.836
0.848
0.876
0.820
0.796
0.728
0.740
0.760
0.768
0.796
0.752
0.784
0.796
0.836
0.808
0.828
0.776
0.732
0.712
0.720
0.748
0.784
0.540
0.500
0.812
0.660
0.816
0.808
0.740
0.740
0.632
0.828
0.772
0.612
0.964
0.804
0.796
0.828
0.832
0.780
0.732
0.732
0.724
0.732
0.768
0.748
0.820
0.600
1.088
0.780
0.768
0.728
0.740
0.744
0.768
0.748
0.792
0.776
0.800
0.828
0.768
0.776
0.740
0.752
0.712
0.740
0.604
0.880
0.800
0.860
0.808
0.836
0.740
0.728
0.724
0.728
0.744
0.760
0.788
0.788
0.816
0.804
0.788
0.804
0.764
0.732
0.728
0.724
0.744
0.732
0.792
0.760
0.832
0.832
0.824
0.732
0.732
0.716
0.732
0.772
0.780
0.784
0.832
0.800
0.808
0.788
0.748
0.744
0.728
0.744
0.744
0.776
0.760
0.756
0.804
0.852
0.820
0.808
0.720
0.708
0.712
0.740
0.732
0.788
0.512
1.088
0.776
0.812
0.756
0.740
0.732
0.732
0.696
0.760
0.712
0.764
0.748
0.784
0.760
0.800
0.772
0.740
0.712
0.724
0.712
0.728
0.776
0.828
0.804
0.568
1.008
0.772
0.660
0.808
0.724
0.728
0.764
0.556
0.416
1.364
0.608
1.012
0.828
0.768
0.732
0.724
0.716
0.724
0.756
0.748
0.816
0.812
0.840
0.784
0.644
0.840
0.720
0.732
0.776
0.740
0.784
0.756
0.796
0.800
0.808
0.760
0.744
0.732
0.720
0.744
0.748
0.748
0.784
0.844
0.852
0.840
0.788
0.744
0.716
0.728
0.716
0.784
0.796
0.848
0.800
0.832
0.780
0.796
0.792
0.476
1.000
0.752
0.736
0.756
0.820
0.796
0.820
0.808
0.828
0.748
0.744
0.584
0.496
1.128
0.812
0.796
0.844
0.792
0.816
0.796
0.744
0.724
0.720
0.736
0.736
0.748
0.732
0.748
0.812
0.852
0.800
0.764
0.708
0.712
0.704
0.744
0.716
0.772
0.792
0.836
0.812
0.812
0.776
0.748
0.744
0.740
0.736
0.764
0.756
0.768
0.812
0.776
0.700
0.944
0.776
0.712
0.716
0.704
0.744
0.760
0.816
0.796
0.860
0.760
0.784
0.740
0.552
0.908
0.720
0.764
0.720
0.764
0.768
0.780
0.816
0.828
0.632
0.860
0.708
0.728
0.708
0.752
0.736
0.812
0.820
0.628
0.468
1.296
0.756
0.720
0.732
0.744
0.768
0.784
0.752
0.784
0.804
0.796
0.804
0.756
0.748
0.724
0.728
0.748
0.736
0.796
0.832
0.816
0.840
0.796
0.764
0.716
0.728
0.704
0.752
0.756
0.800
0.752
0.604
0.944
0.796
0.620
0.936
0.716
0.728
0.696
0.748
0.756
0.772
0.784
0.792
0.828
0.796
0.748
0.720
0.696
0.724
0.764
0.764
0.776
0.784
0.780
0.780
0.820
0.752
0.752
0.724
0.748
0.732
0.752
0.748
0.784
0.664
1.032
0.792
0.796
0.732
0.736
0.724
0.736
0.740
0.772
0.816
0.832
0.820
0.820
0.776
0.564
0.956
0.736
0.752
0.756
0.768
0.620
0.984
0.768
0.828
0.792
0.776
0.724
0.732
0.704
0.720
0.768
0.820
0.796
0.832
0.776
0.768
0.756
0.728
0.736
0.736
0.784
0.752
0.784
0.800
0.796
0.836
0.844
0.768
0.756
0.728
0.740
0.752
0.792
0.768
0.828
0.852
0.848
0.836
0.780
0.736
0.740
0.756
0.788
0.788
0.792
0.804
0.800
0.812
0.776
0.588
0.952
0.732
0.700
0.720
0.728
0.784
0.860
0.844
0.536
1.108
0.776
0.744
0.756
0.716
0.560
0.960
0.804
0.792
0.816
0.584
1.012
0.808
0.764
0.744
0.724
0.740
0.740
0.784
0.768
0.832
0.828
0.860
0.788
0.752
0.708
0.732
0.768
0.788
0.788
0.812
0.796
0.788
0.824
0.768
0.784
0.760
0.756
0.732
0.756
0.660
0.912
0.856
0.904
0.836
0.792
0.732
0.720
0.748
0.728
0.772
0.768
0.820
0.804
0.820
0.788
0.792
0.564
0.936
0.700
0.728
0.720
0.744
0.780
0.760
0.812
0.812
0.828
0.744
0.732
0.712
0.720
0.756
0.800
0.780
0.828
0.796
0.820
0.800
0.784
0.752
0.736
0.748
0.756
0.764
0.780
0.780
0.804
0.836
0.820
0.796
0.748
0.732
0.712
0.736
0.712
0.784
0.804
0.844
0.800
0.800
0.744
0.756
0.756
0.760
0.748
0.756
0.732
0.772
0.804
0.792
0.828
0.788
0.764
0.716
0.732
0.720
0.740
0.776
0.816
0.792
0.832
0.792
0.792
0.748
0.736
0.704
0.724
0.728
0.764
0.756
0.796
0.760
0.780
0.700
0.548
1.104
0.744
0.700
0.728
0.752
0.772
0.804
0.820
0.848
0.812
0.796
0.752
0.740
0.744
0.772
0.756
0.804
0.568
1.032
0.796
0.812
0.760
0.768
0.748
0.744
0.740
0.744
0.728
0.768
0.832
0.836
0.812
0.784
0.716
0.716
0.728
0.536
0.924
0.752
0.808
0.788
0.824
0.792
0.792
0.780
0.760
0.724
0.740
0.744
0.760
0.772
0.808
0.808
0.840
0.848
0.788
0.744
0.728
0.724
0.764
0.804
0.812
0.836
0.796
0.812
0.804
0.808
0.756
0.740
0.752
0.768
0.776
0.788
0.792
0.820
0.880
0.840
0.808
0.732
0.740
0.720
0.752
0.756
0.808
0.852
0.824
0.812
0.780
0.768
0.780
0.768
0.732
0.756
0.732
0.796
0.804
0.820
0.616
0.996
0.788
0.732
0.724
0.700
0.688
0.740
0.788
0.816
0.836
0.800
0.780
0.756
0.756
0.720
0.744
0.752
0.772
0.756
0.808
0.804
0.840
0.852
0.828
0.764
0.740
0.732
0.732
0.780
0.740
0.820
0.840
0.860
0.816
0.796
0.748
0.748
0.756
0.768
0.776
0.772
0.776
0.792
0.844
0.796
0.824
0.772
0.740
0.712
0.728
0.744
0.768
0.824
0.836
0.804
0.820
0.780
0.756
0.744
0.696
0.724
0.732
0.788
0.768
0.796
0.764
0.772
0.660
0.960
0.740
0.740
0.692
0.736
0.740
0.788
0.788
0.808
0.828
0.812
0.788
0.752
0.732
0.740
0.764
0.772
0.800
0.804
0.812
0.772
0.812
0.756
0.764
0.748
0.752
0.724
0.748
0.728
0.788
0.836
0.856
0.816
0.796
0.728
0.732
0.744
0.720
0.740
0.744
0.796
0.624
0.972
0.788
0.760
0.744
0.748
0.724
0.736
0.744
0.740
0.736
0.800
0.780
0.824
0.812
0.812
0.732
0.744
0.716
0.740
0.788
0.828
0.804
0.848
0.792
0.816
0.784
0.744
0.752
0.740
0.780
0.760
0.796
0.780
0.796
0.836
0.868
0.800
0.776
0.728
0.724
0.728
0.764
0.784
0.816
0.852
0.812
0.804
0.780
0.752
0.752
0.760
0.544
0.968
0.752
0.788
0.804
0.824
0.784
0.784
0.748
0.720
0.708
0.704
0.712
0.720
0.788
0.820
0.804
0.836
0.768
0.744
0.728
0.716
0.740
0.748
0.796
0.640
0.948
0.788
0.804
0.836
0.820
0.736
0.736
0.708
0.740
0.760
0.780
0.828
0.808
0.848
0.800
0.804
0.748
0.552
0.940
0.768
0.764
0.828
0.792
0.828
0.824
0.784
0.788
0.752
0.768
0.728
0.772
0.732
0.772
0.820
0.900
0.848
0.832
0.744
0.732
0.716
0.704
0.752
0.468
1.112
0.788
0.816
0.800
0.796
0.808
0.780
0.724
0.732
0.716
0.764
0.780
0.808
0.820
0.816
0.864
0.804
0.772
0.740
0.724
0.756
0.796
0.600
1.040
0.804
0.808
0.804
0.792
0.768
0.760
0.760
0.740
0.752
0.764
0.796
0.840
0.868
0.804
0.808
0.732
0.748
0.732
0.724
0.740
0.756
0.800
0.792
0.800
0.788
0.744
0.736
0.724
0.728
0.724
0.760
0.736
0.760
0.808
0.776
0.836
0.820
0.808
0.740
0.732
0.720
0.748
0.796
0.840
0.820
0.832
0.800
0.808
0.796
0.744
0.756
0.728
0.780
0.748
0.812
0.788
0.808
0.820
0.840
0.776
0.772
0.724
0.736
0.736
0.732
0.776
0.808
0.844
0.800
0.792
0.748
0.720
0.736
0.744
0.748
0.756
0.760
0.764
0.784
0.812
0.764
0.788
0.736
0.744
0.704
0.728
0.708
0.732
0.784
0.856
0.828
0.544
1.052
0.744
0.728
0.736
0.700
0.728
0.728
0.792
0.752
0.808
0.764
0.796
0.788
0.740
0.696
0.552
0.852
0.724
0.728
0.744
0.756
0.804
0.836
0.796
0.732
0.716
0.704
0.728
0.748
0.564
0.972
0.796
0.788
0.772
0.800
0.752
0.752
0.732
0.728
0.700
0.756
0.744
0.764
0.728
0.624
1.148
0.812
0.728
0.720
0.732
0.720
0.756
0.768
0.820
0.828
0.824
0.792
0.768
0.532
0.996
0.728
0.748
0.724
0.748
0.768
0.828
0.792
0.840
0.820
0.768
0.720
0.716
0.716
0.756
0.808
0.816
0.840
0.836
0.804
0.776
0.780
0.732
0.752
0.724
0.744
0.740
0.780
0.780
0.816
0.832
0.816
0.720
0.464
1.020
0.720
0.664
0.800
0.772
0.796
0.876
0.824
0.820
0.736
0.744
0.560
0.936
0.724
0.776
0.736
0.788
0.792
0.808
0.824
0.796
0.780
0.720
0.732
0.728
0.744
0.780
0.824
0.804
0.848
0.796
0.792
0.752
0.740
0.744
0.748
0.784
0.736
0.792
0.792
0.692
0.928
0.572
1.024
0.752
0.716
0.708
0.704
0.760
0.752
0.812
0.832
0.800
0.792
0.772
0.736
0.744
0.764
0.764
0.768
0.784
0.776
0.800
0.816
0.760
0.796
0.764
0.760
0.724
0.732
0.720
0.776
0.812
0.844
0.804
0.844
0.584
0.956
0.760
0.732
0.736
0.756
0.816
0.808
0.836
0.808
0.796
0.812
0.792
0.744
0.752
0.712
0.756
0.768
0.808
0.804
0.820
0.856
0.812
0.780
0.568
0.916
0.744
0.804
0.800
0.856
0.828
0.812
0.800
0.804
0.764
0.760
0.752
0.760
0.760
0.788
0.792
0.580
1.128
0.860
0.796
0.744
0.728
0.724
0.768
0.740
0.796
0.784
0.828
0.784
0.820
0.756
0.748
0.744
0.736
0.744
0.780
0.748
0.780
0.824
0.804
0.848
0.820
0.796
0.724
0.748
0.736
0.764
0.804
0.848
0.852
0.856
0.808
0.792
0.772
0.736
0.760
0.748
0.788
0.760
0.816
0.792
0.832
0.848
0.824
0.760
0.736
0.708
0.740
0.772
0.776
0.824
0.820
0.860
0.808
0.812
0.760
0.752
0.748
0.776
0.660
0.932
0.800
0.832
0.840
0.796
0.828
0.760
0.764
0.736
0.748
0.728
0.780
0.840
0.892
0.872
0.844
0.460
1.048
0.752
0.716
0.772
0.776
0.804
0.796
0.844
0.796
0.816
0.628
0.936
0.700
0.724
0.732
0.764
0.784
0.768
0.832
0.828
0.860
0.784
0.760
0.712
0.724
0.764
0.804
0.780
0.824
0.776
0.820
0.836
0.784
0.768
0.736
0.756
0.740
0.780
0.748
0.664
0.968
0.868
0.812
0.808
0.744
0.736
0.752
0.720
0.764
0.772
0.832
0.792
0.820
0.792
0.776
0.764
0.748
0.724
0.748
0.740
0.760
0.776
0.768
0.804
0.828
0.824
0.748
0.724
0.724
0.720
0.752
0.804
0.792
0.820
0.796
0.800
0.792
0.780
0.728
0.740
0.740
0.764
0.752
0.768
0.764
0.824
0.864
0.856
0.784
0.736
0.724
0.724
0.752
0.728
0.780
0.788
0.848
0.796
0.816
0.748
0.728
0.740
0.744
0.740
0.776
0.744
0.788
0.792
0.812
0.804
0.812
0.768
0.736
0.736
0.740
0.744
0.788
0.836
0.856
0.852
0.828
0.800
0.752
0.744
0.712
0.756
0.772
0.816
0.792
0.828
0.772
0.820
0.572
1.048
0.744
0.732
0.708
0.744
0.780
0.772
0.580
1.032
0.812
0.764
0.768
0.724
0.724
0.728
0.776
0.752
0.800
0.784
0.808
0.784
0.804
0.752
0.764
0.760
0.740
0.736
0.744
0.764
0.816
0.860
0.836
0.604
1.004
0.748
0.732
0.752
0.736
0.788
0.804
0.832
0.832
0.840
0.804
0.796
0.776
0.752
0.748
0.768
0.776
0.796
0.836
0.576
1.084
0.852
0.800
0.748
0.728
0.720
0.752
0.796
0.804
0.856
0.852
0.808
0.768
0.772
0.728
0.752
0.744
0.760
0.756
0.484
0.476
0.508
0.988
0.888
0.840
0.792
0.732
0.752
0.732
0.776
0.748
0.816
0.856
0.872
0.856
0.804
0.760
0.760
0.776
0.756
0.796
0.748
0.812
0.804
0.832
0.836
0.808
0.796
0.744
0.756
0.736
0.776
0.564
1.092
0.828
0.872
0.804
0.800
0.760
0.712
0.736
0.732
0.784
0.748
0.776
0.756
0.768
0.524
1.132
0.760
0.740
0.696
0.720
0.728
0.768
0.780
0.804
0.828
0.808
0.816
0.772
0.748
0.744
0.760
0.752
0.788
0.772
0.816
0.808
0.808
0.808
0.800
0.792
0.752
0.744
0.584
0.892
0.792
0.864
0.848
0.520
1.124
0.772
0.740
0.748
0.732
0.564
0.956
0.784
0.792
0.816
0.784
0.808
0.792
0.740
0.716
0.708
0.720
0.724
0.760
0.748
0.820
0.816
0.860
0.780
0.756
0.708
0.732
0.752
0.816
0.780
0.840
0.784
0.824
0.824
0.804
0.780
0.760
0.776
0.740
0.772
0.772
0.808
0.848
0.880
0.828
0.812
0.732
0.748
0.732
0.748
0.772
0.788
0.848
0.812
0.568
0.408
1.420
0.796
0.772
0.732
0.748
0.732
0.752
0.764
0.808
0.764
0.812
0.768
0.752
0.696
0.720
0.696
0.740
0.776
0.836
0.808
0.832
0.788
0.796
0.780
0.744
0.748
0.732
0.776
0.752
0.804
0.784
0.796
0.832
0.864
0.780
0.772
0.728
0.740
0.748
0.752
0.800
0.832
0.880
0.824
0.828
0.740
0.748
0.764
0.776
0.768
0.784
0.760
0.632
0.988
0.820
0.812
0.760
0.740
0.704
0.708
0.724
0.736
0.584
1.100
1.576
0.860
0.772
0.740
0.724
0.724
0.720
0.780
0.804
0.852
0.816
0.832
0.580
1.016
0.784
0.732
0.740
0.748
0.776
0.784
0.828
0.804
0.848
0.856
0.812
0.756
0.732
0.712
0.756
0.808
0.808
0.844
0.812
0.824
0.784
0.788
0.756
0.748
0.744
0.736
0.744
0.772
0.776
0.828
0.852
0.828
0.788
0.732
0.728
0.720
0.748
0.728
0.792
0.824
0.836
0.820
0.800
0.764
0.764
0.764
0.744
0.756
0.740
0.760
0.784
0.836
0.788
0.840
0.812
0.768
0.736
0.740
0.728
0.768
0.796
0.812
0.832
0.828
0.828
0.772
0.768
0.720
0.748
0.752
0.772
0.744
0.780
0.764
0.796
0.840
0.836
0.748
0.736
0.696
0.724
0.760
0.748
0.780
0.800
0.872
0.612
1.048
0.756
0.744
0.740
0.756
0.764
0.788
0.772
0.800
0.784
0.820
0.804
0.788
0.760
0.728
0.728
0.752
0.748
0.800
0.860
0.848
0.848
0.816
0.776
0.752
0.752
0.712
0.756
0.776
0.824
0.808
0.824
0.772
0.796
0.792
0.776
0.740
0.564
0.900
0.744
0.796
0.504
1.124
0.828
0.848
0.772
0.760
0.732
0.732
0.748
0.780
0.764
0.812
0.776
0.776
0.756
0.760
0.728
0.740
0.736
0.736
0.740
0.748
0.760
0.808
0.864
0.844
0.796
0.752
0.736
0.740
0.756
0.740
0.784
0.796
0.616
1.040
0.832
0.776
0.752
0.756
0.756
0.740
0.776
0.732
0.772
0.792
0.788
0.824
0.808
0.780
0.708
0.716
0.708
0.656
0.856
0.820
0.800
0.876
0.816
0.820
0.780
0.748
0.732
0.728
0.792
0.776
0.580
1.012
0.808
0.848
0.884
0.792
0.764
0.708
0.716
0.740
0.764
0.792
0.836
0.908
0.844
0.604
0.428
1.244
0.600
0.912
0.752
0.756
0.736
0.780
0.780
0.808
0.768
0.772
0.728
0.716
0.704
0.740
0.716
0.748
0.804
0.852
0.824
0.840
0.764
0.504
0.964
0.708
0.740
0.748
0.792
0.584
0.996
0.772
0.788
0.816
0.788
0.724
0.572
0.844
0.724
0.744
0.768
0.800
0.800
0.840
0.620
0.956
0.724
0.648
0.796
0.764
0.752
0.796
0.752
0.780
0.772
0.800
0.772
0.752
0.724
0.724
0.716
0.752
0.748
0.784
0.836
0.844
0.844
0.792
0.744
0.568
0.908
0.704
0.772
0.772
0.812
0.796
0.584
0.536
1.252
0.804
0.756
0.720
0.744
0.728
0.752
0.796
0.772
0.808
0.800
0.852
0.772
0.760
0.720
0.728
0.736
0.796
0.776
0.840
0.792
0.596
0.956
0.772
0.728
0.736
0.728
0.732
0.720
0.756
0.756
0.808
0.552
1.120
0.784
0.772
0.720
0.720
0.728
0.720
0.776
0.792
0.852
0.796
0.820
0.792
0.756
0.764
0.764
0.728
0.788
0.748
0.800
0.800
0.812
0.788
0.816
0.792
0.752
0.740
0.720
0.724
0.768
0.840
0.840
0.840
0.800
0.760
0.748
0.748
0.712
0.740
0.724
0.760
0.752
0.812
0.768
0.792
0.816
0.800
0.736
0.740
0.708
0.724
0.748
0.760
0.804
0.824
0.844
0.812
0.808
0.748
0.748
0.748
0.776
0.760
0.812
0.792
0.828
0.828
0.812
0.796
0.772
0.772
0.736
0.472
1.044
0.772
0.832
0.980
0.908
0.876
0.772
0.732
0.740
0.720
0.764
0.788
0.836
0.788
0.828
0.792
0.784
0.796
0.760
0.704
0.712
0.720
0.760
0.760
0.812
0.768
0.580
1.100
0.804
0.764
0.728
0.728
0.752
0.816
0.800
0.844
0.800
0.824
0.808
0.804
0.764
0.744
0.756
0.744
0.788
0.780
0.796
0.852
0.892
0.824
0.808
0.736
0.756
0.744
0.732
0.764
0.784
0.600
0.560
1.380
0.812
0.768
0.764
0.764
0.732
0.768
0.744
0.776
0.796
0.792
0.832
0.828
0.804
0.724
0.728
0.692
0.716
0.768
0.788
0.780
0.828
0.772
0.812
0.784
0.752
0.728
0.724
0.764
0.772
0.800
0.592
0.532
1.288
0.888
0.816
0.784
0.720
0.728
0.744
0.756
0.784
0.824
0.880
0.856
0.824
0.780
0.756
0.764
0.764
0.764
0.792
0.764
0.808
0.824
0.820
0.832
0.796
0.780
0.504
0.980
0.744
0.744
0.780
0.848
0.836
0.852
0.532
1.052
0.732
0.732
0.708
0.748
0.764
0.776
0.540
0.996
0.756
0.788
0.816
0.780
0.716
0.548
0.876
0.724
0.768
0.772
0.788
0.804
0.852
0.812
0.792
0.756
0.732
0.740
0.792
0.780
0.824
0.792
0.820
0.796
0.812
0.768
0.780
0.772
0.740
0.740
0.748
0.776
0.828
0.876
0.848
0.812
0.472
1.028
0.496
0.944
0.704
0.748
0.772
0.832
0.796
0.824
0.752
0.768
0.764
0.760
0.736
0.760
0.728
0.760
0.812
0.800
0.844
0.832
0.836
0.740
0.752
0.728
0.756
0.556
1.088
0.832
0.872
0.808
0.832
0.808
0.740
0.748
0.740
0.796
0.772
0.820
0.792
0.616
1.056
0.876
0.808
0.768
0.716
0.712
0.772
0.752
0.828
0.620
1.044
0.776
0.808
0.740
0.736
0.736
0.720
0.740
0.772
0.744
0.800
0.812
0.792
0.808
0.796
0.780
0.732
0.736
0.712
0.748
0.804
0.860
0.832
0.856
0.780
0.796
0.756
0.736
0.752
0.752
0.804
0.756
0.816
0.804
0.816
0.860
0.844
0.748
0.740
0.720
0.736
0.784
0.752
0.820
0.800
0.888
0.820
0.812
0.748
0.744
0.736
0.608
0.928
0.796
0.784
0.804
0.832
0.764
0.800
0.748
0.752
0.712
0.712
0.544
0.900
0.792
0.904
0.988
0.808
0.736
0.732
0.736
0.716
0.724
0.740
0.784
0.772
0.824
0.808
0.796
0.788
0.768
0.744
0.748
0.720
0.580
0.920
0.796
0.784
0.856
0.860
0.844
0.764
0.732
0.724
0.744
0.804
0.816
0.840
0.820
0.808
0.812
0.836
0.756
0.764
0.732
0.740
0.748
0.776
0.768
0.792
0.828
0.840
0.788
0.760
0.716
0.720
0.716
0.704
0.748
0.772
0.652
0.988
0.796
0.764
0.756
0.756
0.768
0.732
0.760
0.720
0.756
0.776
0.824
0.788
0.828
0.800
0.768
0.740
0.752
0.740
0.772
0.808
0.828
0.844
0.852
0.580
1.032
0.776
0.716
0.748
0.764
0.808
0.780
0.812
0.776
0.800
0.852
0.844
0.752
0.712
0.692
0.708
0.760
0.740
0.568
1.004
0.820
0.800
0.804
0.740
0.732
0.732
0.740
0.744
0.772
0.776
0.812
0.816
0.848
0.564
1.004
0.748
0.752
0.728
0.764
0.732
0.796
0.860
1.184
0.876
0.812
0.740
0.736
0.748
0.732
0.800
0.804
0.656
0.576
1.456
0.820
0.792
0.784
0.744
0.732
0.760
0.748
0.784
0.840
0.796
0.836
0.828
0.588
0.972
0.728
0.716
0.760
0.816
0.836
0.872
0.896
0.828
0.788
0.788
0.740
0.760
