0.444
0.764
0.752
0.808
0.780
0.792
0.784
0.748
0.748
0.744
0.752
0.716
0.744
0.748
0.764
0.812
0.836
0.808
0.820
0.740
0.728
0.732
0.736
0.732
0.760
0.484
0.312
0.800
0.792
0.772
0.748
0.752
0.608
0.368
0.556
0.632
0.848
0.752
0.780
0.816
0.784
0.816
0.804
0.808
0.748
0.736
0.724
0.732
0.768
0.664
0.424
1.328
0.780
0.792
0.768
0.752
0.708
0.456
1.044
0.752
0.756
0.788
0.772
0.796
0.832
0.800
0.748
0.736
0.708
0.724
0.732
0.720
0.768
0.796
0.816
0.804
0.776
0.748
0.728
0.744
0.520
0.980
0.780
0.772
0.792
0.780
0.808
0.772
0.792
0.696
0.788
0.700
0.724
0.720
0.752
0.788
0.808
0.784
0.572
0.384
0.608
0.736
0.736
0.716
0.716
0.460
0.376
0.656
0.776
0.800
0.768
0.772
0.800
0.804
0.740
0.720
0.712
0.724
0.732
0.784
0.736
0.816
0.796
0.832
0.768
0.772
0.720
0.716
0.736
0.772
0.756
0.808
0.780
0.796
0.824
0.836
0.716
0.720
0.744
0.716
0.504
0.972
0.768
0.820
0.864
0.820
0.808
0.736
0.568
0.472
1.144
0.740
0.744
0.800
0.780
0.788
0.768
0.748
0.760
0.752
0.720
0.724
0.708
0.704
0.736
0.636
0.920
0.812
0.804
0.808
0.748
0.736
0.704
0.716
0.752
0.792
0.784
0.808
0.780
0.796
0.792
0.760
0.740
0.728
0.752
0.744
0.608
0.916
0.784
0.820
0.868
0.812
0.640
0.868
0.728
0.732
0.724
0.756
0.772
0.812
0.792
0.804
0.380
0.384
0.772
0.684
0.372
0.440
0.704
0.736
0.720
0.740
0.732
0.800
0.768
0.824
0.796
0.768
0.720
0.724
0.720
0.736
0.764
0.792
0.784
0.808
0.780
0.784
0.772
0.724
0.748
0.736
0.772
0.736
0.780
0.768
0.788
0.820
0.844
0.776
0.760
0.712
0.724
0.736
0.736
0.376
0.380
0.780
0.724
0.344
0.556
0.792
0.772
0.740
0.728
0.736
0.736
0.748
0.748
0.752
0.752
0.812
0.772
0.788
0.752
0.752
0.720
0.720
0.704
0.716
0.768
0.812
0.804
0.816
0.780
0.804
0.728
0.728
0.712
0.740
0.764
0.780
0.776
0.808
0.788
0.808
0.804
0.780
0.740
0.732
0.696
0.724
0.756
0.772
0.788
0.788
0.832
0.800
0.772
0.716
0.704
0.724
0.760
0.752
0.760
0.776
0.784
0.764
0.640
0.900
0.752
0.720
0.716
0.692
0.600
0.868
0.760
0.580
1.028
0.784
0.808
0.708
0.724
0.592
0.856
0.696
0.740
0.756
0.800
0.784
0.800
0.760
0.764
0.756
0.748
0.724
0.724
0.728
0.768
0.796
0.764
0.796
0.808
0.836
0.732
0.720
0.576
0.380
0.364
0.364
0.524
0.772
0.516
0.380
0.708
0.784
0.792
0.772
0.820
0.660
0.716
0.704
0.416
0.312
0.724
0.780
0.756
0.776
0.836
0.848
0.788
0.732
0.720
0.680
0.704
0.736
0.696
0.828
0.816
0.784
0.812
0.616
0.576
0.416
0.612
0.732
0.716
0.756
0.528
0.536
0.368
0.852
0.804
0.528
0.376
0.676
0.436
0.356
0.620
0.628
0.384
0.504
0.704
0.736
0.824
0.784
0.768
0.756
0.744
0.780
0.800
1.452
0.712
0.756
0.680
0.452
0.332
0.752
0.780
0.796
0.800
0.380
0.372
0.728
0.508
0.368
0.564
0.700
0.736
0.616
0.656
0.376
0.484
0.408
0.584
0.792
0.780
0.444
0.404
0.596
0.736
0.744
0.760
0.768
0.744
0.772
0.792
0.752
0.804
0.756
0.756
0.704
0.732
0.724
0.696
0.800
0.820
0.812
0.816
0.756
0.784
0.720
0.716
0.704
0.700
0.784
0.768
0.780
0.804
0.800
0.764
0.800
0.752
0.724
0.712
0.540
0.368
0.564
0.680
0.720
0.760
0.784
0.808
0.804
0.736
0.760
0.476
0.380
0.548
0.728
0.752
0.756
0.788
0.764
0.800
0.796
0.364
0.364
0.752
0.716
0.728
0.708
0.732
0.732
0.756
0.804
0.852
0.812
0.768
0.756
0.724
0.736
0.732
0.700
0.732
0.760
0.828
0.712
0.888
0.772
0.764
0.764
0.820
0.668
0.744
0.720
0.760
0.580
0.376
0.616
0.800
0.832
0.804
0.784
0.732
0.744
0.724
0.744
0.776
0.548
0.388
0.344
0.380
0.772
0.784
0.760
0.764
0.736
0.748
0.748
0.792
0.728
0.800
0.768
0.800
0.364
0.448
0.848
0.768
0.760
0.736
0.720
0.748
0.756
0.772
0.792
0.824
0.792
0.572
0.948
0.772
0.752
0.780
0.748
0.772
0.760
0.792
0.796
0.824
0.780
0.796
0.756
0.752
0.692
0.704
0.692
0.740
0.808
0.848
0.840
0.848
0.768
0.752
0.740
0.712
0.732
0.760
0.808
0.788
0.812
0.784
0.800
0.816
0.800
0.716
0.724
0.584
0.524
1.044
0.796
0.752
0.808
0.796
0.808
0.752
0.784
1.372
0.720
0.764
0.756
0.804
0.788
0.800
0.872
0.712
0.744
0.712
0.736
0.712
0.776
0.736
0.760
0.812
0.840
0.812
0.516
0.364
0.400
0.280
0.424
0.320
0.432
0.276
0.712
0.724
0.752
0.800
0.796
0.600
0.996
0.756
0.756
0.740
0.728
0.724
0.728
0.712
0.640
0.852
0.752
0.812
0.796
0.808
0.736
0.728
0.700
0.716
0.756
0.776
0.760
0.812
0.816
0.808
0.796
0.704
0.732
0.728
0.752
0.748
0.764
0.756
0.772
0.808
0.868
0.832
0.796
0.728
0.720
0.716
0.748
0.724
0.780
0.792
0.816
0.804
0.816
0.756
0.736
0.748
0.740
0.716
0.760
0.736
0.788
0.820
0.780
0.808
0.788
0.788
0.732
0.744
0.724
0.740
0.764
0.828
0.824
0.844
0.812
0.808
0.756
0.736
0.576
0.888
0.768
0.776
0.776
0.792
0.776
0.804
0.808
0.788
0.732
0.728
0.688
0.712
0.744
0.772
0.764
0.776
0.836
0.812
0.808
0.756
0.716
0.720
0.776
0.764
0.784
0.776
0.780
0.780
0.644
0.920
0.772
0.616
0.868
0.704
0.740
0.724
0.772
0.820
0.852
0.796
0.808
0.736
0.740
0.736
0.736
0.736
0.756
0.800
0.792
0.816
0.812
0.784
0.780
0.768
0.732
0.732
0.728
0.752
0.756
0.820
0.784
0.844
0.832
0.812
0.732
0.728
0.716
0.740
0.780
0.812
0.792
0.832
0.792
0.668
0.948
0.732
0.748
0.720
0.764
0.600
0.924
0.768
0.600
0.380
0.624
0.888
0.796
0.768
0.684
0.708
0.716
0.756
0.764
0.832
0.856
0.876
0.820
0.796
0.728
0.736
0.760
0.764
0.796
0.764
0.784
0.796
0.828
0.808
0.828
0.776
0.736
0.708
0.724
0.744
0.792
0.576
0.448
0.824
0.668
0.808
0.808
0.740
0.736
0.676
0.380
0.408
0.772
0.612
0.968
0.796
0.800
0.828
0.832
0.776
0.736
0.728
0.724
0.736
0.768
0.744
0.820
0.660
1.032
0.780
0.764
0.728
0.736
0.748
0.772
0.744
0.792
0.780
0.796
0.824
0.768
0.780
0.736
0.752
0.712
0.748
0.652
0.828
0.800
0.860
0.808
0.840
0.740
0.728
0.724
0.728
0.740
0.760
0.792
0.788
0.812
0.804
0.788
0.804
0.768
0.728
0.728
0.724
0.748
0.728
0.796
0.756
0.832
0.832
0.828
0.732
0.728
0.716
0.732
0.768
0.784
0.784
0.832
0.800
0.804
0.792
0.744
0.748
0.728
0.740
0.748
0.768
0.764
0.764
0.800
0.848
0.820
0.804
0.724
0.712
0.708
0.744
0.728
0.792
0.564
1.036
0.776
0.812
0.752
0.744
0.732
0.732
0.696
0.760
0.704
0.772
0.752
0.776
0.764
0.800
0.776
0.736
0.712
0.724
0.708
0.732
0.776
0.828
0.800
0.624
0.960
0.764
0.740
0.732
0.724
0.728
0.764
0.592
0.392
0.392
0.964
0.612
1.004
0.824
0.772
0.732
0.724
0.716
0.720
0.760
0.748
0.820
0.804
0.844
0.784
0.736
0.756
0.712
0.736
0.768
0.744
0.788
0.752
0.796
0.800
0.804
0.764
0.744
0.736
0.716
0.744
0.744
0.756
0.780
0.848
0.848
0.840
0.792
0.740
0.716
0.732
0.712
0.784
0.796
0.852
0.800
0.828
0.784
0.796
0.788
0.528
0.948
0.752
0.740
0.756
0.816
0.792
0.824
0.812
0.828
0.744
0.740
0.660
0.496
1.056
0.812
0.800
0.836
0.796
0.816
0.796
0.748
0.724
0.716
0.736
0.736
0.744
0.740
0.748
0.808
0.848
0.800
0.772
0.704
0.716
0.700
0.744
0.720
0.772
0.792
0.832
0.812
0.812
0.776
0.752
0.744
0.736
0.736
0.764
0.756
0.768
0.808
0.780
0.804
0.840
0.772
0.716
0.716
0.700
0.744
0.764
0.816
0.792
0.860
0.764
0.784
0.740
0.604
0.852
0.720
0.768
0.720
0.768
0.768
0.776
0.816
0.832
0.660
0.832
0.704
0.728
0.708
0.756
0.732
0.812
0.820
0.692
0.428
1.272
0.756
0.724
0.732
0.744
0.768
0.784
0.752
0.784
0.804
0.792
0.812
0.752
0.748
0.724
0.732
0.740
0.740
0.796
0.840
0.812
0.836
0.792
0.772
0.712
0.732
0.656
0.792
0.760
0.800
0.748
0.668
0.888
0.788
0.624
0.936
0.716
0.724
0.696
0.752
0.756
0.772
0.784
0.792
0.824
0.796
0.748
0.720
0.696
0.728
0.760
0.760
0.780
0.784
0.784
0.780
0.812
0.756
0.748
0.728
0.748
0.732
0.752
0.748
0.784
0.764
0.932
0.788
0.796
0.732
0.736
0.724
0.732
0.748
0.772
0.812
0.832
0.816
0.820
0.780
0.620
0.900
0.732
0.756
0.752
0.772
0.684
0.920
0.768
0.828
0.792
0.428
0.348
0.720
0.736
0.704
0.720
0.768
0.820
0.796
0.836
0.772
0.772
0.756
0.728
0.732
0.740
0.780
0.756
0.788
0.796
0.796
0.836
0.840
0.772
0.756
0.728
0.736
0.756
0.788
0.772
0.828
0.852
0.848
0.832
0.780
0.744
0.736
0.756
0.784
0.792
0.792
0.804
0.804
0.812
0.772
0.600
0.944
0.728
0.704
0.720
0.728
0.784
0.856
0.848
0.584
1.060
0.772
0.748
0.756
0.716
0.624
0.900
0.796
0.796
0.816
0.632
0.968
0.808
0.760
0.744
0.724
0.740
0.740
0.784
0.768
0.832
0.828
0.856
0.788
0.756
0.708
0.732
0.768
0.784
0.792
0.808
0.800
0.784
0.828
0.764
0.788
0.756
0.756
0.732
0.756
0.716
0.860
0.852
0.904
0.836
0.796
0.728
0.724
0.744
0.728
0.772
0.772
0.820
0.804
0.420
0.376
0.480
0.376
0.740
0.624
0.884
0.696
0.732
0.716
0.744
0.784
0.760
0.808
0.816
0.828
0.740
0.732
0.712
0.716
0.760
0.800
0.780
0.828
0.796
0.816
0.804
0.784
0.752
0.736
0.748
0.756
0.764
0.780
0.780
0.804
0.836
0.820
0.792
0.748
0.732
0.712
0.744
0.708
0.784
0.800
0.848
0.792
0.808
0.744
0.752
0.760
0.756
0.748
0.760
0.732
0.768
0.808
0.788
0.828
0.788
0.764
0.716
0.732
0.720
0.740
0.780
0.816
0.792
0.832
0.784
0.792
0.756
0.732
0.708
0.720
0.732
0.764
0.756
0.796
0.760
0.780
0.796
0.456
1.096
0.744
0.704
0.724
0.756
0.772
0.804
0.820
0.848
0.812
0.796
0.748
0.744
0.744
0.772
0.756
0.804
0.628
0.976
0.792
0.816
0.756
0.768
0.748
0.740
0.740
0.744
0.740
0.760
0.832
0.840
0.812
0.780
0.716
0.716
0.728
0.592
0.872
0.748
0.812
0.784
0.824
0.792
0.792
0.780
0.760
0.724
0.740
0.740
0.764
0.776
0.808
0.804
0.840
0.844
0.792
0.744
0.728
0.724
0.764
0.804
0.812
0.836
0.800
0.808
0.800
0.808
0.756
0.744
0.752
0.764
0.780
0.784
0.796
0.820
0.880
0.836
0.808
0.732
0.744
0.720
0.752
0.756
0.808
0.852
0.824
0.812
0.780
0.768
0.776
0.768
0.736
0.756
0.732
0.796
0.800
0.380
0.440
0.380
0.316
0.420
0.508
0.780
0.732
0.720
0.704
0.688
0.740
0.788
0.816
0.832
0.804
0.784
0.752
0.756
0.716
0.748
0.752
0.772
0.760
0.804
0.808
0.836
0.856
0.828
0.760
0.740
0.732
0.728
0.784
0.744
0.816
0.840
0.860
0.816
0.800
0.744
0.748
0.756
0.768
0.776
0.776
0.776
0.792
0.840
0.796
0.824
0.772
0.744
0.712
0.724
0.744
0.768
0.824
0.840
0.800
0.324
0.496
0.784
0.756
0.744
0.696
0.724
0.728
0.792
0.764
0.800
0.764
0.772
0.668
0.952
0.736
0.740
0.692
0.740
0.736
0.784
0.792
0.808
0.828
0.812
0.784
0.752
0.736
0.740
0.764
0.768
0.800
0.804
0.812
0.776
0.808
0.756
0.764
0.744
0.752
0.728
0.748
0.732
0.784
0.832
0.860
0.816
0.796
0.732
0.620
0.852
0.720
0.740
0.744
0.800
0.668
0.924
0.784
0.768
0.740
0.748
0.724
0.736
0.744
0.740
0.736
0.804
0.776
0.824
0.812
0.816
0.728
0.744
0.716
0.740
0.788
0.828
0.804
0.852
0.788
0.816
0.784
0.744
0.752
0.740
0.776
0.760
0.804
0.776
0.800
0.836
0.864
0.800
0.776
0.728
0.724
0.732
0.764
0.780
0.816
0.852
0.816
0.804
0.776
0.752
0.752
0.756
0.612
0.912
0.744
0.792
0.804
0.804
0.436
0.348
0.804
0.748
0.720
0.704
0.708
0.712
0.724
0.784
0.824
0.804
0.836
0.764
0.748
0.728
0.716
0.736
0.752
0.796
0.728
0.860
0.784
0.812
0.832
0.824
0.736
0.736
0.704
0.744
0.756
0.780
0.828
0.812
0.848
0.800
0.800
0.748
0.676
0.820
0.764
0.768
0.824
0.792
0.828
0.828
0.780
0.788
0.752
0.764
0.732
0.768
0.736
0.772
0.820
0.900
0.840
0.836
0.748
0.732
0.712
0.704
0.756
0.488
1.088
0.788
0.820
0.796
0.796
0.808
0.780
0.728
0.732
0.712
0.768
0.776
0.808
0.824
0.812
0.868
0.800
0.772
0.736
0.728
0.756
0.796
0.664
0.976
0.804
0.812
0.800
0.788
0.772
0.756
0.760
0.744
0.752
0.760
0.796
0.840
0.868
0.808
0.804
0.736
0.744
0.364
0.368
0.728
0.748
0.748
0.800
0.792
0.796
0.792
0.744
0.740
0.720
0.724
0.728
0.756
0.736
0.760
0.812
0.772
0.840
0.820
0.808
0.740
0.732
0.716
0.748
0.796
0.840
0.820
0.836
0.800
0.804
0.792
0.748
0.756
0.732
0.776
0.748
0.808
0.788
0.812
0.824
0.840
0.772
0.768
0.728
0.732
0.744
0.724
0.780
0.812
0.836
0.804
0.792
0.752
0.720
0.732
0.744
0.752
0.760
0.756
0.764
0.780
0.816
0.764
0.788
0.736
0.740
0.708
0.732
0.704
0.732
0.784
0.856
0.828
0.572
0.380
0.644
0.748
0.724
0.732
0.704
0.728
0.732
0.788
0.752
0.804
0.768
0.792
0.788
0.744
0.696
0.608
0.792
0.728
0.728
0.744
0.760
0.800
0.836
0.796
0.736
0.716
0.700
0.724
0.756
0.628
0.904
0.800
0.788
0.772
0.800
0.748
0.756
0.728
0.728
0.700
0.756
0.740
0.772
0.772
0.580
1.144
0.808
0.736
0.720
0.728
0.724
0.744
0.776
0.820
0.828
0.824
0.796
0.764
0.576
0.952
0.728
0.748
0.724
0.752
0.764
0.828
0.788
0.844
0.820
0.772
0.720
0.712
0.716
0.756
0.808
0.816
0.844
0.836
0.804
0.776
0.776
0.736
0.748
0.728
0.744
0.736
0.780
0.784
0.812
0.840
0.812
0.624
0.576
1.004
0.716
0.740
0.728
0.776
0.788
0.880
0.824
0.820
0.740
0.736
0.620
0.880
0.720
0.784
0.736
0.784
0.796
0.804
0.824
0.796
0.776
0.720
0.736
0.724
0.748
0.780
0.824
0.804
0.848
0.796
0.792
0.752
0.740
0.740
0.748
0.784
0.740
0.792
0.788
0.788
0.836
0.620
0.976
0.748
0.720
0.708
0.704
0.756
0.752
0.808
0.836
0.804
0.788
0.772
0.736
0.744
0.760
0.760
0.776
0.780
0.776
0.800
0.824
0.752
0.800
0.764
0.756
0.724
0.736
0.716
0.780
0.808
0.848
0.808
0.840
0.648
0.888
0.760
0.736
0.732
0.760
0.812
0.808
0.836
0.808
0.800
0.808
0.792
0.748
0.748
0.716
0.756
0.768
0.808
0.804
0.816
0.860
0.812
0.780
0.624
0.860
0.744
0.804
0.796
0.856
0.832
0.812
0.800
0.804
0.760
0.760
0.756
0.760
0.756
0.792
0.792
0.700
1.004
0.860
0.804
0.740
0.728
0.724
0.764
0.740
0.800
0.736
0.880
0.780
0.816
0.760
0.748
0.744
0.736
0.744
0.784
0.748
0.776
0.828
0.800
0.848
0.820
0.796
0.724
0.748
0.736
0.764
0.804
0.852
0.848
0.856
0.808
0.792
0.776
0.732
0.756
0.748
0.796
0.764
0.808
0.796
0.828
0.852
0.824
0.756
0.736
0.708
0.736
0.776
0.772
0.832
0.816
0.864
0.804
0.812
0.760
0.752
0.752
0.772
0.712
0.884
0.800
0.832
0.840
0.800
0.820
0.764
0.764
0.732
0.748
0.732
0.776
0.844
0.888
0.872
0.844
0.516
0.996
0.748
0.720
0.764
0.784
0.804
0.796
0.844
0.792
0.816
0.680
0.888
0.700
0.720
0.732
0.764
0.788
0.768
0.832
0.824
0.864
0.780
0.760
0.716
0.720
0.768
0.804
0.776
0.828
0.776
0.816
0.836
0.784
0.768
0.740
0.756
0.740
0.776
0.748
0.712
0.924
0.864
0.816
0.804
0.740
0.740
0.752
0.720
0.764
0.772
0.832
0.796
0.816
0.792
0.776
0.764
0.748
0.720
0.748
0.740
0.760
0.780
0.772
0.800
0.824
0.828
0.748
0.724
0.720
0.724
0.748
0.804
0.800
0.816
0.796
0.804
0.784
0.784
0.728
0.736
0.744
0.760
0.756
0.768
0.764
0.824
0.864
0.856
0.780
0.740
0.720
0.724
0.748
0.732
0.780
0.788
0.848
0.796
0.812
0.752
0.732
0.736
0.748
0.732
0.780
0.744
0.792
0.788
0.816
0.800
0.812
0.768
0.740
0.732
0.740
0.744
0.792
0.836
0.856
0.852
0.828
0.800
0.748
0.748
0.712
0.752
0.776
0.816
0.792
0.824
0.780
0.816
0.624
0.992
0.744
0.736
0.704
0.748
0.780
0.768
0.744
0.876
0.812
0.764
0.764
0.724
0.724
0.732
0.776
0.752
0.800
0.780
0.808
0.788
0.800
0.756
0.760
0.760
0.740
0.740
0.740
0.764
0.816
0.860
0.836
0.668
0.944
0.744
0.732
0.752
0.736
0.788
0.804
0.832
0.836
0.836
0.804
0.796
0.776
0.752
0.748
0.764
0.780
0.796
0.832
0.644
1.024
0.848
0.804
0.740
0.732
0.724
0.752
0.796
0.800
0.856
0.848
0.812
0.772
0.768
0.728
0.748
0.744
0.764
0.756
0.504
0.380
0.624
0.948
0.888
0.844
0.788
0.732
0.748
0.736
0.772
0.756
0.816
0.852
0.868
0.860
0.804
0.764
0.760
0.772
0.756
0.796
0.748
0.812
0.804
0.832
0.836
0.812
0.796
0.740
0.756
0.736
0.776
0.704
0.960
0.824
0.872
0.800
0.800
0.436
0.332
0.424
0.292
0.740
0.724
0.780
0.744
0.780
0.756
0.768
0.548
1.108
0.756
0.744
0.696
0.720
0.728
0.764
0.784
0.804
0.828
0.808
0.816
0.772
0.744
0.748
0.756
0.756
0.784
0.772
0.816
0.812
0.804
0.808
0.800
0.788
0.756
0.740
0.648
0.832
0.792
0.864
0.844
0.580
1.068
0.768
0.740
0.748
0.732
0.632
0.896
0.780
0.784
0.344
0.400
0.352
0.512
0.340
0.468
0.792
0.740
0.712
0.708
0.720
0.724
0.764
0.744
0.824
0.812
0.860
0.776
0.764
0.708
0.728
0.752
0.816
0.780
0.840
0.788
0.824
0.820
0.804
0.780
0.764
0.768
0.748
0.772
0.768
0.808
0.848
0.880
0.828
0.816
0.732
0.744
0.732
0.748
0.772
0.788
0.848
0.816
0.620
0.404
1.372
0.788
0.780
0.648
0.424
0.368
0.772
0.752
0.760
0.812
0.760
0.864
0.772
0.700
0.700
0.716
0.700
0.736
0.780
0.832
0.812
0.828
0.792
0.796
0.776
0.744
0.748
0.736
0.772
0.752
0.804
0.784
0.796
0.832
0.864
0.784
0.764
0.732
0.740
0.752
0.752
0.796
0.832
0.880
0.828
0.828
0.740
0.748
0.764
0.772
0.768
0.788
0.756
0.612
0.372
0.352
0.336
0.764
0.820
0.760
0.740
0.704
0.712
0.716
0.740
0.652
1.036
1.576
0.860
0.764
0.740
0.728
0.724
0.720
0.780
0.804
0.848
0.820
0.832
0.644
0.952
0.780
0.736
0.740
0.744
0.780
0.784
0.824
0.804
0.848
0.856
0.812
0.756
0.732
0.712
0.760
0.804
0.808
0.844
0.812
0.824
0.784
0.788
0.756
0.744
0.748
0.740
0.744
0.768
0.776
0.828
0.852
0.832
0.784
0.732
0.728
0.720
0.752
0.724
0.792
0.824
0.836
0.820
0.800
0.764
0.764
0.764
0.744
0.752
0.744
0.760
0.784
0.836
0.788
0.840
0.812
0.768
0.736
0.740
0.724
0.772
0.792
0.816
0.828
0.832
0.824
0.776
0.440
0.328
0.724
0.748
0.748
0.772
0.748
0.776
0.764
0.796
0.836
0.840
0.748
0.736
0.696
0.724
0.756
0.748
0.784
0.800
0.872
0.676
0.984
0.752
0.748
0.740
0.756
0.760
0.788
0.772
0.800
0.784
0.820
0.804
0.792
0.760
0.728
0.724
0.752
0.748
0.800
0.864
0.848
0.848
0.812
0.776
0.752
0.756
0.712
0.752
0.780
0.824
0.804
0.828
0.776
0.792
0.792
0.776
0.736
0.628
0.844
0.740
0.796
0.528
0.408
0.692
0.828
0.852
0.768
0.380
0.376
0.736
0.732
0.752
0.776
0.768
0.808
0.776
0.776
0.760
0.760
0.724
0.740
0.736
0.736
0.744
0.748
0.760
0.804
0.864
0.848
0.796
0.752
0.732
0.740
0.756
0.740
0.788
0.796
0.680
0.976
0.824
0.784
0.752
0.756
0.752
0.740
0.776
0.736
0.768
0.792
0.784
0.828
0.804
0.788
0.704
0.720
0.704
0.752
0.760
0.820
0.800
0.876
0.816
0.820
0.780
0.748
0.732
0.732
0.784
0.776
0.652
0.944
0.808
0.852
0.880
0.788
0.764
0.712
0.716
0.740
0.760
0.796
0.832
0.908
0.848
0.668
0.380
0.372
0.820
0.648
0.880
0.768
0.764
0.732
0.784
0.776
0.804
0.768
0.776
0.728
0.716
0.700
0.740
0.716
0.756
0.804
0.848
0.824
0.840
0.772
0.512
0.948
0.704
0.744
0.748
0.796
0.644
0.932
0.768
0.796
0.812
0.788
0.724
0.632
0.784
0.728
0.744
0.764
0.804
0.796
0.844
0.596
0.980
0.724
0.708
0.736
0.764
0.752
0.796
0.752
0.780
0.772
0.800
0.768
0.756
0.724
0.720
0.720
0.752
0.744
0.788
0.836
0.848
0.840
0.796
0.740
0.620
0.852
0.704
0.772
0.776
0.808
0.800
0.628
0.552
1.188
0.800
0.760
0.720
0.744
0.724
0.756
0.792
0.776
0.808
0.800
0.852
0.772
0.756
0.720
0.728
0.740
0.796
0.776
0.836
0.792
0.668
0.888
0.768
0.728
0.736
0.732
0.728
0.724
0.756
0.756
0.804
0.632
1.044
0.784
0.772
0.720
0.720
0.724
0.724
0.772
0.792
0.852
0.800
0.820
0.788
0.756
0.764
0.768
0.724
0.792
0.744
0.804
0.792
0.816
0.792
0.812
0.792
0.752
0.744
0.716
0.728
0.768
0.836
0.840
0.840
0.804
0.756
0.408
0.448
0.640
0.712
0.740
0.728
0.756
0.756
0.812
0.768
0.796
0.812
0.800
0.732
0.744
0.708
0.724
0.748
0.760
0.804
0.824
0.848
0.808
0.808
0.748
0.744
0.748
0.780
0.760
0.816
0.788
0.828
0.828
0.816
0.792
0.772
0.772
0.736
0.504
0.392
0.624
0.768
0.836
0.976
0.908
0.876
0.772
0.736
0.740
0.720
0.760
0.696
0.536
0.388
0.800
0.828
0.788
0.788
0.792
0.760
0.704
0.712
0.720
0.760
0.756
0.816
0.772
0.628
1.052
0.800
0.764
0.728
0.728
0.752
0.816
0.796
0.848
0.800
0.824
0.808
0.800
0.764
0.744
0.760
0.744
0.788
0.776
0.796
0.852
0.892
0.824
0.808
0.736
0.752
0.744
0.732
0.772
0.780
0.644
0.460
1.432
0.808
0.776
0.760
0.764
0.732
0.768
0.744
0.776
0.796
0.796
0.832
0.824
0.804
0.732
0.724
0.692
0.716
0.764
0.792
0.776
0.832
0.768
0.812
0.784
0.752
0.732
0.724
0.764
0.768
0.800
0.652
0.544
1.224
0.880
0.816
0.784
0.724
0.728
0.744
0.752
0.784
0.824
0.880
0.860
0.824
0.780
0.752
0.764
0.760
0.772
0.788
0.764
0.812
0.820
0.820
0.832
0.800
0.776
0.520
0.968
0.740
0.744
0.784
0.844
0.836
0.852
0.592
0.992
0.736
0.332
0.404
0.704
0.728
0.780
0.780
0.584
0.956
0.752
0.788
0.816
0.780
0.720
0.584
0.840
0.720
0.768
0.772
0.792
0.804
0.852
0.808
0.796
0.752
0.732
0.740
0.796
0.776
0.824
0.792
0.824
0.792
0.812
0.772
0.776
0.772
0.744
0.740
0.748
0.772
0.828
0.876
0.624
0.376
0.664
0.512
1.480
0.948
0.700
0.752
0.772
0.828
0.796
0.828
0.752
0.768
0.760
0.760
0.736
0.760
0.732
0.760
0.808
0.804
0.844
0.828
0.840
0.740
0.748
0.728
0.756
0.676
0.968
0.832
0.872
0.808
0.828
0.808
0.744
0.748
0.740
0.796
0.772
0.816
0.800
0.676
0.996
0.872
0.808
0.764
0.724
0.708
0.772
0.748
0.372
0.380
0.764
0.312
0.672
0.776
0.808
0.736
0.740
0.736
0.720
0.736
0.772
0.744
0.800
0.812
0.796
0.808
0.792
0.780
0.732
0.736
0.712
0.748
0.804
0.860
0.832
0.856
0.780
0.796
0.760
0.732
0.752
0.752
0.804
0.760
0.812
0.804
0.816
0.860
0.844
0.748
0.740
0.716
0.736
0.784
0.752
0.824
0.800
0.888
0.820
0.808
0.748
0.744
0.740
0.676
0.864
0.792
0.784
0.800
0.840
0.684
0.884
0.740
0.752
0.712
0.716
0.596
0.848
0.788
0.908
0.984
0.808
0.736
0.732
0.732
0.724
0.720
0.740
0.788
0.768
0.820
0.812
0.796
0.792
0.768
0.740
0.748
0.720
0.608
0.892
0.792
0.788
0.852
0.864
0.840
0.772
0.728
0.724
0.740
0.808
0.812
0.840
0.824
0.808
0.812
0.832
0.760
0.760
0.736
0.740
0.748
0.772
0.768
0.848
0.780
0.836
0.792
0.756
0.716
0.716
0.720
0.704
0.748
0.772
0.720
0.916
0.804
0.764
0.752
0.756
0.768
0.732
0.760
0.720
0.756
0.776
0.824
0.788
0.828
0.800
0.768
0.740
0.752
0.736
0.776
0.808
0.828
0.844
0.852
0.648
0.964
0.776
0.720
0.748
0.756
0.808
0.784
0.812
0.776
0.804
0.360
0.332
1.000
0.656
0.812
0.688
0.708
0.760
0.736
0.616
0.964
0.820
0.796
0.808
0.736
0.728
0.740
0.736
0.748
0.768
0.776
0.812
0.816
0.848
0.628
0.944
0.744
0.752
0.724
0.768
0.732
0.796
0.860
1.184
0.876
0.812
0.744
0.732
0.748
0.728
0.800
0.812
0.724
0.580
1.380
0.816
0.796
0.784
0.744
0.732
0.760
0.748
0.784
0.840
0.796
0.840
0.828
0.608
0.948
0.728
0.716
0.764
0.816
0.836
0.872
0.892
0.832
0.788
0.788
0.736
0.760
